[M2] (golly 2.7)
#R 0345/24/244:S333
#G 37148
1 1 0 0 0
2 0 0 0 1
3 2 0 0 0
4 0 0 0 3
5 0 0 0 4
1 0 0 0 1
2 0 0 6 0
3 0 0 0 7
1 0 1 0 0
2 6 0 9 1
3 0 10 0 0
1 1 0 0 1
1 0 1 0 1
2 6 12 13 13
1 0 0 1 0
2 0 13 0 15
1 1 1 0 0
2 17 0 12 17
1 0 0 1 1
2 19 0 12 0
3 14 16 18 20
4 0 8 11 21
2 0 15 0 0
3 0 0 23 0
2 15 0 15 0
2 0 0 15 0
1 1 0 1 0
2 1 0 27 0
2 1 0 0 0
3 25 26 28 29
4 24 0 30 0
5 0 0 22 31
6 0 0 5 32
7 0 0 0 33
8 0 0 0 34
2 0 6 0 0
3 0 36 0 0
4 0 37 0 0
5 0 0 0 38
6 0 39 0 0
7 0 0 0 40
3 36 0 0 0
4 0 0 42 0
5 0 0 43 0
6 0 0 44 0
7 0 0 45 0
8 0 0 41 46
2 13 0 0 0
1 0 1 1 0
2 9 49 0 1
3 48 50 0 0
4 0 51 0 0
3 29 0 0 0
4 53 0 0 0
5 52 54 0 0
6 0 55 0 0
2 0 9 0 0
3 0 0 57 0
4 0 0 58 0
5 0 59 0 0
2 6 0 0 0
3 0 0 61 0
4 0 0 62 0
5 0 0 0 63
6 60 0 64 0
7 0 56 0 65
8 0 66 0 0
9 35 47 67 0
