[M2] (golly 2.7)
#R 3468/2456/234:S333
#G 526836
1 1 1 0 0
2 0 0 0 1
1 0 0 1 1
2 0 3 1 1
3 0 0 2 4
4 0 0 0 5
5 0 0 0 6
6 0 0 0 7
7 0 8 0 0
8 0 9 0 0
1 0 0 0 1
2 0 0 0 11
2 0 0 3 3
1 1 0 1 1
1 0 1 0 1
2 14 0 15 0
3 12 13 0 16
1 0 0 1 0
2 0 0 11 18
3 13 13 0 19
4 0 0 17 20
1 0 1 1 1
2 0 0 22 0
1 1 1 1 1
2 1 24 0 24
1 1 0 1 0
2 24 26 24 26
3 0 23 25 27
4 0 0 28 0
2 15 0 0 26
1 1 0 0 1
2 0 26 0 31
3 0 30 0 32
1 1 0 0 0
1 1 1 0 1
2 0 34 35 18
2 0 0 18 0
3 0 36 13 37
2 22 24 1 1
2 24 24 1 1
3 0 12 39 40
1 0 1 0 0
2 42 1 3 3
3 13 43 40 40
4 33 38 41 44
2 0 24 15 24
2 24 24 24 24
2 15 14 15 24
3 46 47 48 47
2 1 24 3 22
3 50 47 40 40
2 0 0 1 0
3 0 0 52 0
4 49 0 51 53
5 21 29 45 54
6 0 0 55 0
7 56 0 0 0
8 57 0 0 0
9 0 0 10 58
