[M2] (golly 2.7)
#R 237/237/256:S333
#G 465132
1 0 0 0 1
1 1 0 1 0
1 0 1 0 0
2 1 2 0 3
1 0 0 1 0
1 0 1 0 1
2 0 0 5 6
1 0 1 1 0
2 0 0 0 8
1 1 0 0 0
1 1 0 1 1
2 1 10 11 8
3 4 7 9 12
4 0 0 0 13
5 0 0 0 14
6 0 0 0 15
7 0 0 0 16
8 0 0 0 17
1 0 1 1 1
2 5 0 19 0
2 0 11 8 0
1 1 0 0 1
1 0 0 1 1
2 2 22 8 23
1 1 1 1 0
2 0 0 25 23
3 20 21 24 26
4 0 0 27 0
5 0 0 28 0
6 0 0 29 0
7 0 0 30 0
8 0 0 31 0
2 0 3 0 0
2 22 3 5 22
2 1 8 0 10
3 33 34 35 33
4 0 36 0 0
5 0 37 0 0
6 0 38 0 0
7 0 39 0 0
8 0 40 0 0
2 8 1 11 10
1 1 1 0 0
2 43 0 5 0
2 8 0 10 0
2 3 23 0 10
3 42 44 45 46
4 47 0 0 0
5 48 0 0 0
6 49 0 0 0
7 50 0 0 0
8 51 0 0 0
9 18 32 41 52
