[M2] (golly 3.2)
#R 012456/3457/113:S333
#G 380203
1 0 0 1 1
1 1 1 0 1
2 0 1 0 2
1 1 1 1 0
1 1 1 0 0
2 0 0 4 5
1 0 1 0 1
2 0 7 0 7
1 0 1 0 0
2 9 1 1 2
3 3 6 8 10
4 0 0 0 11
5 0 0 0 12
1 1 0 1 0
2 0 0 14 0
1 1 0 1 1
2 2 14 16 5
2 0 0 2 0
3 15 0 17 18
4 0 0 19 0
5 0 0 20 0
2 7 16 0 7
2 0 9 0 0
3 0 22 0 23
4 0 24 0 0
5 0 25 0 0
1 1 0 0 0
1 0 0 0 1
2 27 28 28 27
2 27 0 0 0
3 29 30 30 0
4 31 0 0 0
5 32 0 0 0
6 13 21 26 33
7 0 0 0 34
8 35 0 0 0
2 0 0 0 7
1 1 1 1 1
1 1 0 0 1
2 0 38 5 39
3 0 0 37 40
4 0 0 0 41
5 0 0 0 42
1 0 0 1 0
2 28 44 38 27
1 0 1 1 0
2 39 46 38 39
1 0 1 1 1
2 7 0 48 0
3 6 45 47 49
4 0 0 50 0
5 0 0 51 0
2 39 0 0 39
3 0 53 0 0
4 0 54 0 0
5 0 55 0 0
2 39 38 7 0
2 5 0 0 0
3 57 0 58 0
4 59 0 0 0
5 60 0 0 0
6 43 52 56 61
7 0 0 62 0
8 0 63 0 0
2 0 0 0 28
2 28 48 48 39
3 0 37 65 66
4 0 0 0 67
5 0 0 0 68
2 0 0 39 0
2 0 39 16 0
3 70 0 71 70
4 0 0 72 0
5 0 0 73 0
2 0 38 46 0
2 0 38 0 0
2 5 5 0 0
3 8 75 76 77
4 0 78 0 0
5 0 79 0 0
2 39 4 4 27
3 81 58 30 0
4 82 0 0 0
5 83 0 0 0
6 69 74 80 84
7 0 85 0 0
8 0 0 86 0
2 28 27 27 28
3 0 65 65 88
4 0 0 0 89
5 0 0 0 90
2 7 1 16 2
2 0 0 1 0
3 18 0 92 93
4 0 0 94 0
5 0 0 95 0
2 5 16 0 5
3 23 97 0 0
4 0 98 0 0
5 0 99 0 0
2 2 14 14 9
2 2 14 0 0
3 101 49 77 102
4 103 0 0 0
5 104 0 0 0
6 91 96 100 105
7 106 0 0 0
8 0 0 0 107
9 36 64 87 108
