[M2] (golly 3.2)
#R 234578/1/255:S333
#G 529340
1 0 0 0 1
1 0 1 0 1
2 0 1 0 2
1 0 1 1 0
1 0 0 1 0
2 0 0 4 5
2 0 2 0 0
1 0 0 1 1
1 1 0 1 0
2 8 9 0 0
3 3 6 7 10
4 0 0 0 11
5 0 0 0 12
6 13 0 0 0
7 0 0 0 14
8 15 0 0 0
2 0 0 0 2
1 1 1 1 0
1 1 0 0 0
2 1 0 18 19
1 1 1 1 1
2 0 21 0 0
2 18 19 19 0
3 17 20 22 23
4 0 0 24 0
5 0 0 25 0
6 0 26 0 0
7 0 0 27 0
8 0 28 0 0
1 0 1 1 1
2 0 30 0 0
1 1 1 0 0
2 21 0 2 32
2 32 0 0 0
3 31 33 0 34
4 0 35 0 0
5 0 36 0 0
6 0 0 37 0
7 0 38 0 0
8 0 0 39 0
1 1 1 0 1
2 0 0 0 41
2 0 0 1 5
3 0 0 42 43
4 0 0 44 0
5 0 0 45 0
2 0 32 0 0
1 1 0 0 1
2 48 9 9 0
2 19 0 0 0
3 47 49 0 50
4 51 0 0 0
5 52 0 0 0
6 0 46 0 53
7 54 0 0 0
8 0 0 0 55
9 16 29 40 56
