[M2] (golly 2.7)
#R 03/238/226:S333
#G 9590274
1 1 0 0 1
2 1 0 0 1
3 0 0 0 2
4 0 0 0 3
1 0 1 1 0
2 0 0 0 5
3 0 0 0 6
4 0 0 0 7
1 1 1 0 0
1 0 0 1 1
2 9 10 0 0
2 0 0 9 9
3 11 12 0 6
1 0 1 1 1
2 0 0 10 14
2 5 0 0 0
2 9 1 0 0
3 15 16 16 17
1 0 0 0 1
2 0 0 19 5
1 1 0 0 0
2 21 0 0 0
3 20 16 22 0
4 13 18 23 0
5 4 8 0 24
2 19 10 0 5
3 26 0 16 0
4 0 0 27 0
2 10 10 0 0
2 10 0 0 9
3 0 0 29 30
2 0 0 9 10
2 0 0 10 10
3 0 0 32 33
4 31 34 0 0
2 0 0 10 0
3 0 0 36 0
4 37 0 0 0
5 28 0 35 38
6 0 0 25 39
7 0 0 0 40
8 0 0 0 41
9 42 0 0 0
