[M2] (golly 2.7)
#R 2347/237/49:S333
#G 465132
1 0 0 0 1
2 0 0 0 1
1 1 0 0 0
1 1 0 1 1
1 0 1 1 0
2 1 3 4 5
3 0 2 2 6
4 0 0 0 7
5 0 0 0 8https://github.com/FrozenVoid/C-techniques/blob/master/random-nqueens.c
6 0 0 0 9
7 0 0 0 10
8 0 0 0 11
2 0 0 4 0
1 1 0 1 0
1 1 0 0 1
1 0 0 1 1
2 14 15 5 16
3 13 0 17 13
4 0 0 18 0
5 0 0 19 0
6 0 0 20 0
7 0 0 21 0
8 0 0 22 0
1 0 1 0 0
2 15 24 0 15
3 0 25 0 0
4 0 26 0 0
5 0 27 0 0
6 0 28 0 0
7 0 29 0 0
8 0 30 0 0
2 5 1 4 3
2 3 0 0 0
3 32 33 33 0
4 34 0 0 0
5 35 0 0 0
6 36 0 0 0
7 37 0 0 0
8 38 0 0 0
9 12 23 31 39
