[M2] (golly 3.2)
#R 1357/23/255:S333
#G 33558
1 0 1 1 1
2 0 0 0 1
1 0 0 1 0
1 1 0 0 0
2 3 0 4 0
3 2 5 0 0
4 0 0 0 6
5 0 0 0 7
6 8 0 0 0
7 0 0 0 9
8 10 0 0 0
9 0 0 0 11
1 1 1 0 1
2 3 0 13 3
3 0 14 0 0
4 0 0 15 0
5 0 0 16 0
6 0 17 0 0
7 0 0 18 0
8 0 19 0 0
9 0 0 20 0
1 0 0 1 1
2 0 0 0 22
1 0 1 0 0
2 0 24 0 0
1 1 0 1 0
2 26 0 0 0
3 23 0 25 27
4 0 28 0 0
5 0 29 0 0
6 0 0 30 0
7 0 31 0 0
8 0 0 32 0
9 0 33 0 0
1 0 0 0 1
2 0 0 35 3
1 1 1 1 0
2 37 0 0 0
3 0 36 0 38
4 39 0 0 0
5 40 0 0 0
6 0 0 0 41
7 42 0 0 0
8 0 0 0 43
9 44 0 0 0
10 12 21 34 45
