[M2] (golly 3.2)
#R 1357/23/255:S333
#G 583036
1 0 0 0 1
1 1 0 0 1
2 0 1 0 2
1 1 0 1 1
2 1 0 4 0
1 1 0 0 0
2 0 6 0 0
1 1 1 0 1
1 1 0 1 0
2 8 9 0 0
3 3 5 7 10
4 0 0 0 11
5 0 0 0 12
6 13 0 0 0
7 0 0 0 14
8 15 0 0 0
2 0 1 0 1
2 1 0 4 6
1 1 1 1 1
2 0 19 0 0
2 6 6 0 0
3 17 18 20 21
4 0 0 22 0
5 0 0 23 0
6 0 24 0 0
7 0 0 25 0
8 0 26 0 0
2 0 0 0 2
1 0 0 1 0
2 1 29 19 6
2 0 2 0 0
2 2 0 0 0
3 28 30 31 32
4 0 33 0 0
5 0 34 0 0
6 0 0 35 0
7 0 36 0 0
8 0 0 37 0
1 0 0 1 1
2 0 39 0 8
2 0 0 4 6
2 0 1 0 0
2 2 6 0 0
3 40 41 42 43
4 44 0 0 0
5 45 0 0 0
6 0 0 0 46
7 47 0 0 0
8 0 0 0 48
9 16 27 38 49
