[M2] (golly 2.7)
#R 237/237/256:S333
#G 465132
1 0 1 0 1
2 0 0 0 1
1 1 1 0 1
2 0 0 0 3
1 0 0 0 1
1 1 0 0 0
1 1 0 1 1
1 0 1 1 0
2 5 6 7 8
3 0 2 4 9
4 0 0 0 10
5 0 0 0 11
6 0 0 0 12
7 0 0 0 13
8 0 0 0 14
1 1 1 1 1
2 0 0 16 0
1 1 0 1 0
1 1 0 0 1
1 0 0 1 1
2 18 19 8 20
2 0 0 16 6
3 17 0 21 22
4 0 0 23 0
5 0 0 24 0
6 0 0 25 0
7 0 0 26 0
8 0 0 27 0
1 1 1 0 0
2 0 29 0 0
1 0 1 0 0
2 19 31 0 19
2 0 31 0 0
3 30 32 0 33
4 0 34 0 0
5 0 35 0 0
6 0 36 0 0
7 0 37 0 0
8 0 38 0 0
2 8 5 7 6
2 29 6 0 0
2 29 0 0 0
3 40 41 42 0
4 43 0 0 0
5 44 0 0 0
6 45 0 0 0
7 46 0 0 0
8 47 0 0 0
9 15 28 39 48
